FP=32461, FN=72, TP=704, TN=1613455
Sensitivity=0.9072164948453608
Specificity=0.9802778513605798
PPV=0.02122719734660033
